30 67 0 1
1 2 4
1 3 2
1 5 7
2 3 1
2 4 5
2 6 8
3 4 8
3 5 10
3 7 6
4 6 2
4 7 4
4 8 7
5 7 3
5 9 12
6 8 1
6 10 9
7 8 2
7 9 5
7 11 11
8 10 3
8 11 6
8 12 8
9 11 4
9 13 7
10 12 2
10 14 10
11 12 1
11 13 3
11 15 9
12 14 4
12 15 6
13 15 2
13 16 5
14 17 8
15 16 1
15 18 7
16 18 3
16 19 9
17 20 4
18 19 2
18 21 5
19 21 1
19 22 6
20 23 7
21 22 2
21 24 8
22 24 3
22 25 6
23 26 5
24 25 1
24 27 7
25 27 2
25 28 9
26 29 4
27 28 3
27 30 8
28 30 2
29 30 5
5 10 15
3 12 20
8 16 14
14 22 13
18 27 11
6 20 18
10 25 17
2 15 16
1 30 50