100 209 0 1
1 2 4
1 3 7
1 5 12
2 3 2
2 4 6
2 6 9
3 4 3
3 7 8
4 5 5
4 8 10
5 6 4
5 9 7
6 7 2
6 10 11
7 8 1
7 11 9
8 9 6
8 12 5
9 10 3
9 13 8
10 11 2
10 14 7
11 12 4
11 15 6
12 13 3
12 16 9
13 14 5
13 17 8
14 15 2
14 18 10
15 16 4
15 19 6
16 17 1
16 20 7
17 18 5
17 21 9
18 19 3
18 22 8
19 20 2
19 23 7
20 21 4
20 24 10
21 22 1
21 25 6
22 23 5
22 26 9
23 24 2
23 27 8
24 25 3
24 28 7
25 26 1
25 29 5
26 27 4
26 30 9
27 28 2
27 31 8
28 29 3
28 32 6
29 30 1
29 33 7
30 31 5
30 34 9
31 32 2
31 35 8
32 33 4
32 36 7
33 34 1
33 37 6
34 35 5
34 38 9
35 36 2
35 39 7
36 37 3
36 40 8
37 38 1
37 41 6
38 39 4
38 42 9
39 40 2
39 43 7
40 41 5
40 44 8
41 42 1
41 45 6
42 43 3
42 46 9
43 44 2
43 47 8
44 45 4
44 48 7
45 46 1
45 49 5
46 47 3
46 50 9
47 48 2
47 51 8
48 49 4
48 52 7
49 50 1
49 53 6
50 51 5
50 54 9
51 52 2
51 55 7
52 53 3
52 56 8
53 54 1
53 57 6
54 55 4
54 58 9
55 56 2
55 59 7
56 57 5
56 60 8
57 58 1
57 61 6
58 59 3
58 62 9
59 60 2
59 63 7
60 61 4
60 64 8
61 62 1
61 65 5
62 63 3
62 66 9
63 64 2
63 67 8
64 65 4
64 68 7
65 66 1
65 69 6
66 67 5
66 70 9
67 68 2
67 71 8
68 69 3
68 72 7
69 70 1
69 73 6
70 71 4
70 74 8
71 72 2
71 75 7
72 73 5
72 76 9
73 74 1
73 77 6
74 75 3
74 78 8
75 76 2
75 79 7
76 77 4
76 80 9
77 78 1
77 81 5
78 79 3
78 82 8
79 80 2
79 83 7
80 81 4
80 84 9
81 82 1
81 85 6
82 83 5
82 86 8
83 84 2
83 87 7
84 85 4
84 88 9
85 86 1
85 89 6
86 87 3
86 90 8
87 88 2
87 91 7
88 89 5
88 92 9
89 90 1
89 93 6
90 91 4
90 94 8
91 92 2
91 95 7
92 93 3
92 96 9
93 94 1
93 97 6
94 95 5
94 98 8
95 96 2
95 99 7
96 97 4
96 100 9
97 98 1
98 99 3
99 100 2
1 50 25
10 60 30
20 70 28
30 80 35
40 90 32
50 100 40
5 95 45
12 88 34
22 77 29
33 66 31
44 55 27
11 99 50

1
2 1
3 1 100
4
0